PI/2 = 1.570763267949
Estimate = 0.159118125249
